0.000000000000000000000000 0.001000000000000000020817 0.002000000000000000041633
0.003000000000000000062450 0.004000000000000000083267 0.005000000000000000104083
0.006000000000000000124900 0.007000000000000000145717 0.008000000000000000166533
0.009000000000000001054712 0.010000000000000000208167 0.010999999999999999361622
0.012000000000000000249800 0.013000000000000001137979 0.014000000000000000291434
0.014999999999999999444888 0.016000000000000000333067 0.017000000000000001221245
0.018000000000000002109424 0.018999999999999999528155 0.020000000000000000416334
0.021000000000000001304512 0.021999999999999998723244 0.022999999999999999611422
0.024000000000000000499600 0.025000000000000001387779 0.026000000000000002275957
0.026999999999999999694689 0.028000000000000000582867 0.029000000000000001471046
0.029999999999999998889777 0.030999999999999999777955 0.032000000000000000666134
0.033000000000000001554312 0.034000000000000002442491 0.035000000000000003330669
0.036000000000000004218847 0.036999999999999998168132 0.037999999999999999056310
0.038999999999999999944489 0.040000000000000000832667 0.041000000000000001720846
0.042000000000000002609024 0.043000000000000003497203 0.043999999999999997446487
0.044999999999999998334665 0.045999999999999999222844 0.047000000000000000111022
0.048000000000000000999201 0.049000000000000001887379 0.050000000000000002775558
0.051000000000000003663736 0.052000000000000004551914 0.052999999999999998501199
0.053999999999999999389377 0.055000000000000000277556 0.056000000000000001165734
0.057000000000000002053913 0.058000000000000002942091 0.059000000000000003830269
0.059999999999999997779554 0.060999999999999998667732 0.061999999999999999555911
0.063000000000000000444089 0.064000000000000001332268 0.065000000000000002220446
0.066000000000000003108624 0.067000000000000003996803 0.068000000000000004884981
0.069000000000000005773160 0.070000000000000006661338 0.071000000000000007549517
0.072000000000000008437695 0.072999999999999995448086 0.073999999999999996336264
0.074999999999999997224442 0.075999999999999998112621 0.076999999999999999000799
0.077999999999999999888978 0.079000000000000000777156 0.080000000000000001665335
0.081000000000000002553513 0.082000000000000003441691 0.083000000000000004329870
0.084000000000000005218048 0.085000000000000006106227 0.086000000000000006994405
0.087000000000000007882583 0.087999999999999994892974 0.088999999999999995781153
0.089999999999999996669331 0.090999999999999997557509 0.091999999999999998445688
0.092999999999999999333866 0.094000000000000000222045 0.095000000000000001110223
0.096000000000000001998401 0.097000000000000002886580 0.098000000000000003774758
0.099000000000000004662937 0.100000000000000005551115 0.101000000000000006439294
0.102000000000000007327472 0.103000000000000008215650 0.104000000000000009103829
0.104999999999999996114219 0.105999999999999997002398 0.106999999999999997890576
0.107999999999999998778755 0.108999999999999999666933 0.110000000000000000555112
0.111000000000000001443290 0.112000000000000002331468 0.113000000000000003219647
0.114000000000000004107825 0.115000000000000004996004 0.116000000000000005884182
0.117000000000000006772360 0.118000000000000007660539 0.119000000000000008548717
0.119999999999999995559108 0.120999999999999996447286 0.121999999999999997335465
0.122999999999999998223643 0.123999999999999999111822 0.125000000000000000000000
0.126000000000000000888178 0.127000000000000001776357 0.128000000000000002664535
0.129000000000000003552714 0.130000000000000004440892 0.131000000000000005329071
0.132000000000000006217249 0.133000000000000007105427 0.134000000000000007993606
0.135000000000000008881784 0.136000000000000009769963 0.137000000000000010658141
0.138000000000000011546319 0.139000000000000012434498 0.140000000000000013322676
0.141000000000000014210855 0.142000000000000015099033 0.143000000000000015987212
0.144000000000000016875390 0.144999999999999990007993 0.145999999999999990896171
0.146999999999999991784350 0.147999999999999992672528 0.148999999999999993560706
0.149999999999999994448885 0.150999999999999995337063 0.151999999999999996225242
0.152999999999999997113420 0.153999999999999998001599 0.154999999999999998889777
0.155999999999999999777955 0.157000000000000000666134 0.158000000000000001554312
0.159000000000000002442491 0.160000000000000003330669 0.161000000000000004218847
0.162000000000000005107026 0.163000000000000005995204 0.164000000000000006883383
0.165000000000000007771561 0.166000000000000008659740 0.167000000000000009547918
0.168000000000000010436096 0.169000000000000011324275 0.170000000000000012212453
0.171000000000000013100632 0.172000000000000013988810 0.173000000000000014876989
0.174000000000000015765167 0.175000000000000016653345 0.175999999999999989785948
0.176999999999999990674127 0.177999999999999991562305 0.178999999999999992450483
0.179999999999999993338662 0.180999999999999994226840 0.181999999999999995115019
0.182999999999999996003197 0.183999999999999996891376 0.184999999999999997779554
0.185999999999999998667732 0.186999999999999999555911 0.188000000000000000444089
0.189000000000000001332268 0.190000000000000002220446 0.191000000000000003108624
0.192000000000000003996803 0.193000000000000004884981 0.194000000000000005773160
0.195000000000000006661338 0.196000000000000007549517 0.197000000000000008437695
0.198000000000000009325873 0.199000000000000010214052 0.200000000000000011102230
0.201000000000000011990409 0.202000000000000012878587 0.203000000000000013766766
0.204000000000000014654944 0.205000000000000015543122 0.206000000000000016431301
0.207000000000000017319479 0.208000000000000018207658 0.208999999999999991340260
0.209999999999999992228439 0.210999999999999993116617 0.211999999999999994004796
0.212999999999999994892974 0.213999999999999995781153 0.214999999999999996669331
0.215999999999999997557509 0.216999999999999998445688 0.217999999999999999333866
0.219000000000000000222045 0.220000000000000001110223 0.221000000000000001998401
0.222000000000000002886580 0.223000000000000003774758 0.224000000000000004662937
0.225000000000000005551115 0.226000000000000006439294 0.227000000000000007327472
0.228000000000000008215650 0.229000000000000009103829 0.230000000000000009992007
0.231000000000000010880186 0.232000000000000011768364 0.233000000000000012656542
0.234000000000000013544721 0.235000000000000014432899 0.236000000000000015321078
0.237000000000000016209256 0.238000000000000017097435 0.239000000000000017985613
0.239999999999999991118216 0.240999999999999992006394 0.241999999999999992894573
0.242999999999999993782751 0.243999999999999994670929 0.244999999999999995559108
0.245999999999999996447286 0.246999999999999997335465 0.247999999999999998223643
0.248999999999999999111822 0.250000000000000000000000 0.251000000000000000888178
0.252000000000000001776357 0.253000000000000002664535 0.254000000000000003552714
0.255000000000000004440892 0.256000000000000005329071 0.257000000000000006217249
0.258000000000000007105427 0.259000000000000007993606 0.260000000000000008881784
0.261000000000000009769963 0.262000000000000010658141 0.263000000000000011546319
0.264000000000000012434498 0.265000000000000013322676 0.266000000000000014210855
0.267000000000000015099033 0.268000000000000015987212 0.269000000000000016875390
0.270000000000000017763568 0.271000000000000018651747 0.272000000000000019539925
0.273000000000000020428104 0.274000000000000021316282 0.275000000000000022204460
0.276000000000000023092639 0.277000000000000023980817 0.278000000000000024868996
0.279000000000000025757174 0.280000000000000026645353 0.281000000000000027533531
0.282000000000000028421709 0.283000000000000029309888 0.284000000000000030198066
0.285000000000000031086245 0.286000000000000031974423 0.287000000000000032862602
0.288000000000000033750780 0.288999999999999979127807 0.289999999999999980015986
0.290999999999999980904164 0.291999999999999981792342 0.292999999999999982680521
0.293999999999999983568699 0.294999999999999984456878 0.295999999999999985345056
0.296999999999999986233234 0.297999999999999987121413 0.298999999999999988009591
0.299999999999999988897770 0.300999999999999989785948 0.301999999999999990674127
0.302999999999999991562305 0.303999999999999992450483 0.304999999999999993338662
0.305999999999999994226840 0.306999999999999995115019 0.307999999999999996003197
0.308999999999999996891376 0.309999999999999997779554 0.310999999999999998667732
0.311999999999999999555911 0.313000000000000000444089 0.314000000000000001332268
0.315000000000000002220446 0.316000000000000003108624 0.317000000000000003996803
0.318000000000000004884981 0.319000000000000005773160 0.320000000000000006661338
0.321000000000000007549517 0.322000000000000008437695 0.323000000000000009325873
0.324000000000000010214052 0.325000000000000011102230 0.326000000000000011990409
0.327000000000000012878587 0.328000000000000013766766 0.329000000000000014654944
0.330000000000000015543122 0.331000000000000016431301 0.332000000000000017319479
0.333000000000000018207658 0.334000000000000019095836 0.335000000000000019984014
0.336000000000000020872193 0.337000000000000021760371 0.338000000000000022648550
0.339000000000000023536728 0.340000000000000024424907 0.341000000000000025313085
0.342000000000000026201263 0.343000000000000027089442 0.344000000000000027977620
0.345000000000000028865799 0.346000000000000029753977 0.347000000000000030642155
0.348000000000000031530334 0.349000000000000032418512 0.350000000000000033306691
0.351000000000000034194869 0.351999999999999979571896 0.352999999999999980460075
0.353999999999999981348253 0.354999999999999982236432 0.355999999999999983124610
0.356999999999999984012788 0.357999999999999984900967 0.358999999999999985789145
0.359999999999999986677324 0.360999999999999987565502 0.361999999999999988453681
0.362999999999999989341859 0.363999999999999990230037 0.364999999999999991118216
0.365999999999999992006394 0.366999999999999992894573 0.367999999999999993782751
0.368999999999999994670929 0.369999999999999995559108 0.370999999999999996447286
0.371999999999999997335465 0.372999999999999998223643 0.373999999999999999111822
0.375000000000000000000000 0.376000000000000000888178 0.377000000000000001776357
0.378000000000000002664535 0.379000000000000003552714 0.380000000000000004440892
0.381000000000000005329071 0.382000000000000006217249 0.383000000000000007105427
0.384000000000000007993606 0.385000000000000008881784 0.386000000000000009769963
0.387000000000000010658141 0.388000000000000011546319 0.389000000000000012434498
0.390000000000000013322676 0.391000000000000014210855 0.392000000000000015099033
0.393000000000000015987212 0.394000000000000016875390 0.395000000000000017763568
0.396000000000000018651747 0.397000000000000019539925 0.398000000000000020428104
0.399000000000000021316282 0.400000000000000022204460 0.401000000000000023092639
0.402000000000000023980817 0.403000000000000024868996 0.404000000000000025757174
0.405000000000000026645353 0.406000000000000027533531 0.407000000000000028421709
0.408000000000000029309888 0.409000000000000030198066 0.410000000000000031086245
0.411000000000000031974423 0.412000000000000032862602 0.413000000000000033750780
0.414000000000000034638958 0.415000000000000035527137 0.416000000000000036415315
0.416999999999999981792342 0.417999999999999982680521 0.418999999999999983568699
0.419999999999999984456878 0.420999999999999985345056 0.421999999999999986233234
0.422999999999999987121413 0.423999999999999988009591 0.424999999999999988897770
0.425999999999999989785948 0.426999999999999990674127 0.427999999999999991562305
0.428999999999999992450483 0.429999999999999993338662 0.430999999999999994226840
0.431999999999999995115019 0.432999999999999996003197 0.433999999999999996891376
0.434999999999999997779554 0.435999999999999998667732 0.436999999999999999555911
0.438000000000000000444089 0.439000000000000001332268 0.440000000000000002220446
0.441000000000000003108624 0.442000000000000003996803 0.443000000000000004884981
0.444000000000000005773160 0.445000000000000006661338 0.446000000000000007549517
0.447000000000000008437695 0.448000000000000009325873 0.449000000000000010214052
0.450000000000000011102230 0.451000000000000011990409 0.452000000000000012878587
0.453000000000000013766766 0.454000000000000014654944 0.455000000000000015543122
0.456000000000000016431301 0.457000000000000017319479 0.458000000000000018207658
0.459000000000000019095836 0.460000000000000019984014 0.461000000000000020872193
0.462000000000000021760371 0.463000000000000022648550 0.464000000000000023536728
0.465000000000000024424907 0.466000000000000025313085 0.467000000000000026201263
0.468000000000000027089442 0.469000000000000027977620 0.470000000000000028865799
0.471000000000000029753977 0.472000000000000030642155 0.473000000000000031530334
0.474000000000000032418512 0.475000000000000033306691 0.476000000000000034194869
0.477000000000000035083048 0.478000000000000035971226 0.479000000000000036859404
0.479999999999999982236432 0.480999999999999983124610 0.481999999999999984012788
0.482999999999999984900967 0.483999999999999985789145 0.484999999999999986677324
0.485999999999999987565502 0.486999999999999988453681 0.487999999999999989341859
0.488999999999999990230037 0.489999999999999991118216 0.490999999999999992006394
0.491999999999999992894573 0.492999999999999993782751 0.493999999999999994670929
0.494999999999999995559108 0.495999999999999996447286 0.496999999999999997335465
0.497999999999999998223643 0.498999999999999999111822 0.500000000000000000000000
0.501000000000000000888178 0.502000000000000001776357 0.503000000000000002664535
0.504000000000000003552714 0.505000000000000004440892 0.506000000000000005329071
0.507000000000000006217249 0.508000000000000007105427 0.509000000000000007993606
0.510000000000000008881784 0.511000000000000009769963 0.512000000000000010658141
0.513000000000000011546319 0.514000000000000012434498 0.515000000000000013322676
0.516000000000000014210855 0.517000000000000015099033 0.518000000000000015987212
0.519000000000000016875390 0.520000000000000017763568 0.520999999999999907629444
0.522000000000000019539925 0.522999999999999909405801 0.524000000000000021316282
0.524999999999999911182158 0.526000000000000023092639 0.526999999999999912958515
0.528000000000000024868996 0.528999999999999914734872 0.530000000000000026645353
0.530999999999999916511229 0.532000000000000028421709 0.532999999999999918287585
0.534000000000000030198066 0.534999999999999920063942 0.536000000000000031974423
0.536999999999999921840299 0.538000000000000033750780 0.538999999999999923616656
0.540000000000000035527137 0.540999999999999925393013 0.542000000000000037303494
0.542999999999999927169370 0.544000000000000039079850 0.544999999999999928945726
0.546000000000000040856207 0.546999999999999930722083 0.548000000000000042632564
0.548999999999999932498440 0.550000000000000044408921 0.550999999999999934274797
0.552000000000000046185278 0.552999999999999936051154 0.554000000000000047961635
0.554999999999999937827511 0.556000000000000049737992 0.556999999999999939603867
0.558000000000000051514348 0.558999999999999941380224 0.560000000000000053290705
0.560999999999999943156581 0.562000000000000055067062 0.562999999999999944932938
0.564000000000000056843419 0.564999999999999946709295 0.566000000000000058619776
0.566999999999999948485652 0.568000000000000060396133 0.568999999999999950262008
0.570000000000000062172489 0.570999999999999952038365 0.572000000000000063948846
0.572999999999999953814722 0.574000000000000065725203 0.574999999999999955591079
0.576000000000000067501560 0.576999999999999957367436 0.578000000000000069277917
0.578999999999999959143793 0.580000000000000071054274 0.580999999999999960920150
0.582000000000000072830630 0.582999999999999962696506 0.583999999999999963584685
0.584999999999999964472863 0.585999999999999965361042 0.586999999999999966249220
0.587999999999999967137398 0.588999999999999968025577 0.589999999999999968913755
0.590999999999999969801934 0.591999999999999970690112 0.592999999999999971578291
0.593999999999999972466469 0.594999999999999973354647 0.595999999999999974242826
0.596999999999999975131004 0.597999999999999976019183 0.598999999999999976907361
0.599999999999999977795540 0.600999999999999978683718 0.601999999999999979571896
0.602999999999999980460075 0.603999999999999981348253 0.604999999999999982236432
0.605999999999999983124610 0.606999999999999984012788 0.607999999999999984900967
0.608999999999999985789145 0.609999999999999986677324 0.610999999999999987565502
0.611999999999999988453681 0.612999999999999989341859 0.613999999999999990230037
0.614999999999999991118216 0.615999999999999992006394 0.616999999999999992894573
0.617999999999999993782751 0.618999999999999994670929 0.619999999999999995559108
0.620999999999999996447286 0.621999999999999997335465 0.622999999999999998223643
0.623999999999999999111822 0.625000000000000000000000 0.626000000000000000888178
0.627000000000000001776357 0.628000000000000002664535 0.629000000000000003552714
0.630000000000000004440892 0.631000000000000005329071 0.632000000000000006217249
0.633000000000000007105427 0.634000000000000007993606 0.635000000000000008881784
0.636000000000000009769963 0.637000000000000010658141 0.638000000000000011546319
0.639000000000000012434498 0.640000000000000013322676 0.641000000000000014210855
0.642000000000000015099033 0.643000000000000015987212 0.644000000000000016875390
0.645000000000000017763568 0.646000000000000018651747 0.647000000000000019539925
0.648000000000000020428104 0.649000000000000021316282 0.649999999999999911182158
0.651000000000000023092639 0.651999999999999912958515 0.653000000000000024868996
0.653999999999999914734872 0.655000000000000026645353 0.655999999999999916511229
0.657000000000000028421709 0.657999999999999918287585 0.659000000000000030198066
0.659999999999999920063942 0.661000000000000031974423 0.661999999999999921840299
0.663000000000000033750780 0.663999999999999923616656 0.665000000000000035527137
0.665999999999999925393013 0.667000000000000037303494 0.667999999999999927169370
0.669000000000000039079850 0.669999999999999928945726 0.671000000000000040856207
0.671999999999999930722083 0.673000000000000042632564 0.673999999999999932498440
0.675000000000000044408921 0.675999999999999934274797 0.677000000000000046185278
0.677999999999999936051154 0.679000000000000047961635 0.679999999999999937827511
0.681000000000000049737992 0.681999999999999939603867 0.683000000000000051514348
0.683999999999999941380224 0.685000000000000053290705 0.685999999999999943156581
0.687000000000000055067062 0.687999999999999944932938 0.689000000000000056843419
0.689999999999999946709295 0.691000000000000058619776 0.691999999999999948485652
0.693000000000000060396133 0.693999999999999950262008 0.695000000000000062172489
0.695999999999999952038365 0.697000000000000063948846 0.697999999999999953814722
0.699000000000000065725203 0.699999999999999955591079 0.701000000000000067501560
0.701999999999999957367436 0.703000000000000069277917 0.703999999999999959143793
0.705000000000000071054274 0.705999999999999960920150 0.707000000000000072830630
0.707999999999999962696506 0.709000000000000074606987 0.709999999999999964472863
0.711000000000000076383344 0.711999999999999966249220 0.712999999999999967137398
0.713999999999999968025577 0.714999999999999968913755 0.715999999999999969801934
0.716999999999999970690112 0.717999999999999971578291 0.718999999999999972466469
0.719999999999999973354647 0.720999999999999974242826 0.721999999999999975131004
0.722999999999999976019183 0.723999999999999976907361 0.724999999999999977795540
0.725999999999999978683718 0.726999999999999979571896 0.727999999999999980460075
0.728999999999999981348253 0.729999999999999982236432 0.730999999999999983124610
0.731999999999999984012788 0.732999999999999984900967 0.733999999999999985789145
0.734999999999999986677324 0.735999999999999987565502 0.736999999999999988453681
0.737999999999999989341859 0.738999999999999990230037 0.739999999999999991118216
0.740999999999999992006394 0.741999999999999992894573 0.742999999999999993782751
0.743999999999999994670929 0.744999999999999995559108 0.745999999999999996447286
0.746999999999999997335465 0.747999999999999998223643 0.748999999999999999111822
0.750000000000000000000000 0.751000000000000000888178 0.752000000000000001776357
0.753000000000000002664535 0.754000000000000003552714 0.755000000000000004440892
0.756000000000000005329071 0.757000000000000006217249 0.758000000000000007105427
0.759000000000000007993606 0.760000000000000008881784 0.761000000000000009769963
0.762000000000000010658141 0.763000000000000011546319 0.764000000000000012434498
0.765000000000000013322676 0.766000000000000014210855 0.767000000000000015099033
0.768000000000000015987212 0.769000000000000016875390 0.770000000000000017763568
0.771000000000000018651747 0.772000000000000019539925 0.773000000000000020428104
0.774000000000000021316282 0.775000000000000022204460 0.776000000000000023092639
0.777000000000000023980817 0.778000000000000024868996 0.779000000000000025757174
0.780000000000000026645353 0.781000000000000027533531 0.782000000000000028421709
0.783000000000000029309888 0.784000000000000030198066 0.785000000000000031086245
0.786000000000000031974423 0.787000000000000032862602 0.788000000000000033750780
0.789000000000000034638958 0.790000000000000035527137 0.791000000000000036415315
0.792000000000000037303494 0.792999999999999927169370 0.794000000000000039079850
0.794999999999999928945726 0.796000000000000040856207 0.796999999999999930722083
0.798000000000000042632564 0.798999999999999932498440 0.800000000000000044408921
0.800999999999999934274797 0.802000000000000046185278 0.802999999999999936051154
0.804000000000000047961635 0.804999999999999937827511 0.806000000000000049737992
0.806999999999999939603867 0.808000000000000051514348 0.808999999999999941380224
0.810000000000000053290705 0.810999999999999943156581 0.812000000000000055067062
0.812999999999999944932938 0.814000000000000056843419 0.814999999999999946709295
0.816000000000000058619776 0.816999999999999948485652 0.818000000000000060396133
0.818999999999999950262008 0.820000000000000062172489 0.820999999999999952038365
0.822000000000000063948846 0.822999999999999953814722 0.824000000000000065725203
0.824999999999999955591079 0.825999999999999956479257 0.826999999999999957367436
0.827999999999999958255614 0.828999999999999959143793 0.829999999999999960031971
0.830999999999999960920150 0.831999999999999961808328 0.832999999999999962696506
0.833999999999999963584685 0.834999999999999964472863 0.835999999999999965361042
0.836999999999999966249220 0.837999999999999967137398 0.838999999999999968025577
0.839999999999999968913755 0.840999999999999969801934 0.841999999999999970690112
0.842999999999999971578291 0.843999999999999972466469 0.844999999999999973354647
0.845999999999999974242826 0.846999999999999975131004 0.847999999999999976019183
0.848999999999999976907361 0.849999999999999977795540 0.850999999999999978683718
0.851999999999999979571896 0.852999999999999980460075 0.853999999999999981348253
0.854999999999999982236432 0.855999999999999983124610 0.856999999999999984012788
0.857999999999999984900967 0.858999999999999985789145 0.859999999999999986677324
0.860999999999999987565502 0.861999999999999988453681 0.862999999999999989341859
0.863999999999999990230037 0.864999999999999991118216 0.865999999999999992006394
0.866999999999999992894573 0.867999999999999993782751 0.868999999999999994670929
0.869999999999999995559108 0.870999999999999996447286 0.871999999999999997335465
0.872999999999999998223643 0.873999999999999999111822 0.875000000000000000000000
0.876000000000000000888178 0.877000000000000001776357 0.878000000000000002664535
0.879000000000000003552714 0.880000000000000004440892 0.881000000000000005329071
0.882000000000000006217249 0.883000000000000007105427 0.884000000000000007993606
0.885000000000000008881784 0.886000000000000009769963 0.887000000000000010658141
0.888000000000000011546319 0.889000000000000012434498 0.890000000000000013322676
0.891000000000000014210855 0.892000000000000015099033 0.893000000000000015987212
0.894000000000000016875390 0.895000000000000017763568 0.896000000000000018651747
0.897000000000000019539925 0.898000000000000020428104 0.899000000000000021316282
0.900000000000000022204460 0.901000000000000023092639 0.902000000000000023980817
0.903000000000000024868996 0.904000000000000025757174 0.905000000000000026645353
0.906000000000000027533531 0.907000000000000028421709 0.908000000000000029309888
0.909000000000000030198066 0.910000000000000031086245 0.911000000000000031974423
0.912000000000000032862602 0.913000000000000033750780 0.914000000000000034638958
0.915000000000000035527137 0.916000000000000036415315 0.917000000000000037303494
0.918000000000000038191672 0.919000000000000039079850 0.920000000000000039968029
0.921000000000000040856207 0.922000000000000041744386 0.923000000000000042632564
0.924000000000000043520743 0.925000000000000044408921 0.926000000000000045297099
0.927000000000000046185278 0.927999999999999936051154 0.929000000000000047961635
0.929999999999999937827511 0.931000000000000049737992 0.931999999999999939603867
0.933000000000000051514348 0.933999999999999941380224 0.935000000000000053290705
0.935999999999999943156581 0.937000000000000055067062 0.937999999999999944932938
0.939000000000000056843419 0.939999999999999946709295 0.940999999999999947597473
0.941999999999999948485652 0.942999999999999949373830 0.943999999999999950262008
0.944999999999999951150187 0.945999999999999952038365 0.946999999999999952926544
0.947999999999999953814722 0.948999999999999954702901 0.949999999999999955591079
0.950999999999999956479257 0.951999999999999957367436 0.952999999999999958255614
0.953999999999999959143793 0.954999999999999960031971 0.955999999999999960920150
0.956999999999999961808328 0.957999999999999962696506 0.958999999999999963584685
0.959999999999999964472863 0.960999999999999965361042 0.961999999999999966249220
0.962999999999999967137398 0.963999999999999968025577 0.964999999999999968913755
0.965999999999999969801934 0.966999999999999970690112 0.967999999999999971578291
0.968999999999999972466469 0.969999999999999973354647 0.970999999999999974242826
0.971999999999999975131004 0.972999999999999976019183 0.973999999999999976907361
0.974999999999999977795540 0.975999999999999978683718 0.976999999999999979571896
0.977999999999999980460075 0.978999999999999981348253 0.979999999999999982236432
0.980999999999999983124610 0.981999999999999984012788 0.982999999999999984900967
0.983999999999999985789145 0.984999999999999986677324 0.985999999999999987565502
0.986999999999999988453681 0.987999999999999989341859 0.988999999999999990230037
0.989999999999999991118216 0.990999999999999992006394 0.991999999999999992894573
0.992999999999999993782751 0.993999999999999994670929 0.994999999999999995559108
0.995999999999999996447286 0.996999999999999997335465 0.997999999999999998223643
0.998999999999999999111822 1.000000000000000000000000 0.000000000000000000000000
0.587785252292473137103457 0.951056516295153531181938 0.951056516295153531181938
0.587785252292473248125759 0.000000000000000122464680 -0.587785252292473359148062
-0.951056516295153531181938 -0.951056516295153642204241 -0.587785252292472581991944
-0.000000000000000244929360 0.587785252292472915058852 0.951056516295153753226543
0.951056516295153087092729 0.587785252292473359148062 0.000000000000000367394040
-0.587785252292472804036549 -0.951056516295153975271148 -0.951056516295153198115031
-0.587785252292473470170364 -0.000000000000000489858720 0.587785252292474136304179
0.951056516295153420159636 0.951056516295153753226543 0.587785252292472137902735
-0.000000000000001164033440 -0.587785252292475468571809 -0.951056516295153420159636
-0.951056516295153753226543 -0.587785252292473692214969 -0.000000000000000734788079
0.587785252292472470969642 0.951056516295153309137334 0.951056516295152754025821
0.587785252292470916657408 -0.000000000000002695460919 -0.587785252292475246527204
-0.951056516295153309137334 -0.951056516295153864248846 -0.587785252292473914259574
-0.000000000000000979717439 0.587785252292475135504901 0.951056516295154308338056
0.951056516295152754025821 0.587785252292474025281876 0.000000000000001102182119
-0.587785252292472248925037 -0.951056516295153198115031 -0.951056516295152865048124
-0.587785252292471249724315 0.000000000000002328066880 0.587785252292475024482599
0.951056516295155418561080 0.951056516295152865048124 0.587785252292474247326481
-0.000000000000002205602200 -0.587785252292472026880432 -0.951056516295154197315753
-0.951056516295153975271148 -0.587785252292471360746617 -0.000000000000001469576159
0.587785252292474802437994 0.951056516295153087092729 0.951056516295152976070426
0.587785252292474358348784 -0.000000000000001960672840 -0.587785252292477577995555
-0.951056516295154197315753 -0.951056516295151865847401 -0.587785252292471582791222
0.000000000000005390921839 0.587785252292474580393389 0.951056516295155196516475
0.951056516295155196516475 0.587785252292474580393389 -0.000000000000001715743480
-0.587785252292471582791222 -0.951056516295154086293451 -0.951056516295154197315753
-0.587785252292471804835827 -0.000000000000001959434879 0.587785252292474358348784
0.951056516295155196516475 0.951056516295153087092729 0.587785252292469029278266
-0.000000000000001470814120 -0.587785252292477133906345 -0.951056516295156195717198
-0.951056516295154197315753 -0.587785252292477800040160 -0.000000000000002204364238
0.587785252292474247326481 0.951056516295152865048124 0.951056516295153198115031
0.587785252292475024482599 -0.000000000000001225884760 -0.587785252292477022884043
-0.951056516295153975271148 -0.951056516295152087892006 -0.587785252292472248925037
0.000000000000004656133759 0.587785252292474025281876 0.951056516295154974471870
0.951056516295151088691284 0.587785252292463700207747 -0.000000000000000980955401
-0.587785252292476800839438 -0.951056516295151643802797 -0.951056516295154419360358
-0.587785252292472470969642 0.000000000000004411204399 0.587785252292479576397000
0.951056516295152754025821 0.951056516295153309137334 0.587785252292469584389778
-0.000000000000007841453398 -0.587785252292470805635105 -0.951056516295153753226543
-0.951056516295152309936611 -0.587785252292466919854519 -0.000000000000002939152318
0.587785252292473581192667 0.951056516295154863449568 0.951056516295155640605685
0.587785252292475579594111 -0.000000000000000491096681 -0.587785252292476356750228
-0.951056516295155862650290 -0.951056516295154530382661 -0.587785252292472804036549
0.000000000000003921345680 0.587785252292479132307790 0.951056516295156972873315
0.951056516295153531181938 0.587785252292470028478988 -0.000000000000007351594679
-0.587785252292481907865351 -0.951056516295153642204241 -0.951056516295152420958914
-0.587785252292467252921426 0.000000000000010781843678 0.587785252292484683422913
0.951056516295154641404963 0.951056516295151310735889 0.587785252292464477363865
-0.000000000000000001237961 -0.587785252292464477363865 -0.951056516295151310735889
-0.951056516295154641404963 -0.587785252292473248125759 0.000000000000003431486960
0.587785252292467252921426 0.951056516295152420958914 0.951056516295153642204241
0.587785252292470472568198 -0.000000000000006861735959 -0.587785252292470028478988
-0.951056516295153531181938 -0.951056516295152531981216 -0.587785252292467697010636
-0.000000000000003918869757 0.587785252292472804036549 0.951056516295154530382661
0.951056516295151532780494 0.587785252292464921453075 0.000000000000000488620758
-0.587785252292475579594111 -0.951056516295155640605685 -0.951056516295150422557469
-0.587785252292462145895513 0.000000000000002941628241 0.587785252292478355151673
0.951056516295156639806407 0.951056516295149423356747 0.587785252292459370337951
-0.000000000000006371877239 -0.587785252292469584389778 -0.951056516295153309137334
-0.951056516295157083895617 -0.587785252292479576397000 -0.000000000000004408728477
0.587785252292472470969642 0.951056516295154419360358 0.951056516295156084694895
0.587785252292476800839438 0.000000000000000978479478 -0.587785252292475135504901
-0.951056516295155418561080 -0.951056516295154974471870 -0.587785252292474025281876
0.000000000000002451769521 0.587785252292478022084765 0.951056516295156528784105
0.951056516295153975271148 0.587785252292471249724315 -0.000000000000005882018520
-0.587785252292480686620024 -0.951056516295157527984827 -0.951056516295152865048124
-0.587785252292468474166753 0.000000000000009312267519 0.587785252292483573199888
0.951056516295154197315753 0.951056516295151865847401 0.587785252292465698609192
-0.000000000000012742516517 -0.587785252292486237735147 -0.951056516295159637408574
-0.951056516295146314732278 -0.587785252292474358348784 0.000000000000001961910801
0.587785252292477577995555 0.951056516295156306739500 0.951056516295158527185549
0.587785252292483129110678 0.000000000000008818694915 -0.587785252292468807233661
-0.951056516295152976070426 -0.951056516295152976070426 -0.587785252292468807233661
0.000000000000008822408799 0.587785252292483129110678 0.951056516295158527185549
0.951056516295156306739500 0.587785252292477577995555 0.000000000000001958196917
-0.587785252292474358348784 -0.951056516295155196516475 -0.951056516295150866646679
-0.587785252292463256118538 0.000000000000015682906797 0.587785252292488680225802
0.951056516295151865847401 0.951056516295154197315753 0.587785252292472026880432
-0.000000000000004902301080 -0.587785252292479909463907 -0.951056516295157305940222
-0.951056516295148757222933 -0.587785252292457705003415 -0.000000000000005878304636
0.587785252292471249724315 0.951056516295153975271148 0.951056516295152087892006
0.587785252292466475765309 -0.000000000000011762799078 -0.587785252292462478962420
-0.951056516295150644602074 -0.951056516295155418561080 -0.587785252292475135504901
0.000000000000000982193362 0.587785252292476800839438 0.951056516295156084694895
0.951056516295149978468260 0.587785252292460924650186 0.000000000000009798412354
-0.587785252292468030077544 -0.951056516295152754025821 -0.951056516295153309137334
-0.587785252292469584389778 0.000000000000007842691360 0.587785252292482351954561
0.951056516295158194118642 0.951056516295147869044513 0.587785252292455373535063
0.000000000000002937914357 -0.587785252292473581192667 -0.951056516295154863449568
-0.951056516295151199713587 -0.587785252292464033274655 0.000000000000014703189357
0.587785252292487903069684 0.951056516295160303542389 0.951056516295145759620766
0.587785252292472804036549 -0.000000000000003922583641 -0.587785252292479132307790
-0.951056516295156972873315 -0.951056516295149090289840 -0.587785252292458482159532
0.000000000000021563687355 0.587785252292493454184807 0.951056516295162412966135
0.951056516295143650197019 0.587785252292467252921426 -0.000000000000010783081639
-0.587785252292484683422913 -0.951056516295159082297062 -0.951056516295146980866093
-0.587785252292476023683321 0.000000000000000002475923 0.587785252292453042066711
0.951056516295146980866093 0.951056516295159082297062 0.587785252292484683422913
0.000000000000010778129794 -0.587785252292467252921426 -0.951056516295152420958914
-0.951056516295153642204241 -0.587785252292470472568198 0.000000000000006862973920
0.587785252292458482159532 0.951056516295149090289840 0.951056516295156972873315
0.587785252292479132307790 0.000000000000003917631796 -0.587785252292472804036549
-0.951056516295154530382661 -0.951056516295151532780494 -0.587785252292464921453075
0.000000000000013723471918 0.587785252292464033274655 0.951056516295151199713587
0.951056516295154863449568 0.587785252292473581192667 -0.000000000000002942866202
-0.587785252292478355151673 -0.951056516295156639806407 -0.951056516295149423356747
-0.587785252292459370337951 -0.000000000000007837739515 0.587785252292469584389778
0.951056516295153309137334 0.951056516295152754025821 0.587785252292468030077544
-0.000000000000009803364200 -0.587785252292483906266796 -0.951056516295158749230154
-0.951056516295147313933001 -0.587785252292453819222828 -0.000000000000000977241517
0.587785252292475135504901 0.951056516295155418561080 0.951056516295150644602074
0.587785252292462478962420 -0.000000000000016663862197 -0.587785252292489457381919
-0.951056516295160858653901 -0.951056516295145204509254 -0.587785252292471249724315
0.000000000000005883256481 0.587785252292480686620024 0.951056516295157527984827
0.951056516295148535178328 0.587785252292456927847297 -0.000000000000023524360195
-0.587785252292495008497042 -0.951056516295162968077648 -0.951056516295142984063204
-0.587785252292465698609192 0.000000000000012743754479 0.587785252292486237735147
0.951056516295150866646679 0.951056516295155196516475 0.587785252292474358348784
-0.000000000000001963148762 -0.587785252292454596378946 -0.951056516295147535977605
-0.951056516295158527185549 -0.587785252292483129110678 -0.000000000000008817456954
0.587785252292468807233661 0.951056516295152976070426 0.951056516295152976070426
0.587785252292468807233661 -0.000000000000008823646760 -0.587785252292460147494069
-0.951056516295149645401352 -0.951056516295156306739500 -0.587785252292477577995555
-0.000000000000001956958956 0.587785252292474358348784 0.951056516295155196516475
0.951056516295150866646679 0.587785252292463256118538 0.000000000000012737564672
-0.587785252292465698609192 -0.951056516295151865847401 -0.951056516295154197315753
-0.587785252292472026880432 0.000000000000004903539042 0.587785252292479909463907
0.951056516295157305940222 0.951056516295148757222933 0.587785252292457705003415
0.000000000000005877066675 -0.587785252292471249724315 -0.951056516295153975271148
-0.951056516295152087892006 -0.587785252292466475765309 0.000000000000011764037039
0.587785252292485460579030 0.951056516295159415363969 0.951056516295146647799186
0.587785252292452153888291 -0.000000000000000983431323 -0.587785252292476800839438
-0.951056516295156084694895 -0.951056516295149978468260 -0.587785252292460924650186
0.000000000000018624535037 0.587785252292491011694153 0.951056516295161524787716
0.951056516295144538375439 0.587785252292469584389778 -0.000000000000007843929321
-0.587785252292482351954561 -0.951056516295158194118642 -0.951056516295147869044513
-0.587785252292478355151673 0.000000000000025485033035 0.587785252292473581192667
0.951056516295163634211463 0.951056516295151199713587 0.587785252292441051658045
-0.000000000000014704427319 -0.587785252292510884686294 -0.951056516295142762018600
-0.951056516295154530382661 -0.587785252292495785653159 0.000000000000003923821602
0.587785252292456150691180 0.951056516295156972873315 0.951056516295157861051734
0.587785252292458482159532 0.000000000000006856784114 -0.587785252292447379929285
-0.951056516295153642204241 -0.951056516295161191720808 -0.587785252292467252921426
-0.000000000000017637389830 0.587785252292484683422913 0.951056516295150311535167
0.951056516295146980866093 0.587785252292476023683321 -0.000000000000028425423314
-0.587785252292476023683321 -0.951056516295146980866093 -0.951056516295150311535167
-0.587785252292484683422913 0.000000000000017644817598 0.587785252292467252921426
0.951056516295161191720808 0.951056516295153642204241 0.587785252292447379929285
-0.000000000000006864211882 -0.587785252292458482159532 -0.951056516295157861051734
-0.951056516295156972873315 -0.587785252292456150691180 -0.000000000000003916393835
0.587785252292495785653159 0.951056516295154530382661 0.951056516295142762018600
0.587785252292464921453075 0.000000000000014696999551 -0.587785252292487125913567
-0.951056516295151199713587 -0.951056516295146092687673 -0.587785252292473581192667
0.000000000000031365813593 0.587785252292478355151673 0.951056516295165410568302
0.951056516295149423356747 0.587785252292482351954561 -0.000000000000020585207877
-0.587785252292469695412080 -0.951056516295162079899228 -0.951056516295152754025821
-0.587785252292445048460934 0.000000000000009804602161 0.587785252292506887883405
0.951056516295158749230154 0.951056516295138543171106 0.587785252292453819222828
0.000000000000000976003555 -0.587785252292498228143813 -0.951056516295155418561080
-0.951056516295141873840180 -0.587785252292462478962420 -0.000000000000011756609272
0.587785252292443494148699 0.951056516295152087892006 0.951056516295162746033043
0.587785252292471249724315 0.000000000000022537214988 -0.587785252292480686620024
-0.951056516295148757222933 -0.951056516295148535178328 -0.587785252292479909463907
0.000000000000023525598156 0.587785252292472026880432 0.951056516295145426553859
0.951056516295151865847401 0.587785252292488680225802 -0.000000000000012744992440
-0.587785252292463256118538 -0.951056516295159637408574 -0.951056516295155196516475
-0.587785252292451376732174 0.000000000000001964386724 0.587785252292454596378946
0.951056516295156306739500 0.951056516295158527185549 0.587785252292460147494069
0.000000000000008816218993 -0.587785252292491788850270 -0.951056516295152976070426
-0.951056516295144205308532 -0.587785252292468807233661 -0.000000000000019596824709
0.587785252292483129110678 0.951056516295149645401352 0.951056516295147535977605
0.587785252292477577995555 -0.000000000000026465988436 -0.587785252292474358348784
-0.951056516295163967278370 -0.951056516295150866646679 -0.587785252292440274501928
0.000000000000015685382719 0.587785252292419735375972 0.951056516295160636609296
0.951056516295171849861845 0.587785252292449045263822 0.000000000000051938641858
-0.587785252292502891080517 -0.951056516295139653394131 -0.951056516295139986461038
-0.587785252292503779258936 -0.000000000000005875828713 0.587785252292448268107705
0.951056516295153975271148 0.951056516295160858653901 0.587785252292466475765309
0.000000000000073499853290 -0.587785252292485460579030 -0.951056516295132992055983
-0.951056516295146647799186 -0.587785252292521209760423 0.000000000000029406378715
0.587785252292430837606219 0.951056516295164855456790 0.951056516295167519992049
0.587785252292437943033576 0.000000000000038217645862 -0.587785252292513993310763
-0.951056516295143983263927 -0.951056516295153309137334 -0.587785252292492677028690
0.000000000000007845167282 0.587785252292459370337951 0.951056516295158194118642
0.951056516295156639806407 0.587785252292455373535063 0.000000000000059778857295
-0.587785252292496562809276 -0.951056516295137321925779 -0.951056516295142428951692
-0.587785252292510107530177 0.000000000000043127374710 0.587785252292441939836465
0.951056516295169074304283 0.951056516295163301144555 0.587785252292426840803330
0.000000000000024496649867 -0.587785252292525095541009 -0.951056516295148202111420
-0.951056516295149090289840 -0.587785252292481574798444 0.000000000000021566163278
0.587785252292470472568198 0.951056516295162412966135 0.951056516295169962482703
0.587785252292444271304817 0.000000000000046057861299 -0.587785252292507665039523
-0.951056516295141540773272 -0.951056516295138210104199 -0.587785252292499005299931
0.000000000000056848370706 0.587785252292453042066711 0.951056516295173293151777
0.951056516295159082297062 0.587785252292507665039523 0.000000000000010775653871
-0.587785252292444271304817 -0.951056516295152420958914 -0.951056516295162412966135
-0.587785252292470472568198 -0.000000000000021556259588 0.587785252292481574798444
0.951056516295149090289840 0.951056516295165743635209 0.587785252292479132307790
0.000000000000032336865304 -0.587785252292472804036549 -0.951056516295145759620766
-0.951056516295151532780494 -0.587785252292487903069684 0.000000000000013725947841
0.587785252292464033274655 0.951056516295142428951692 0.951056516295154863449568
0.587785252292496562809276 -0.000000000000002945342124 -0.587785252292455373535063
-0.951056516295156639806407 -0.951056516295158194118642 -0.587785252292459370337951
-0.000000000000007835263592 0.587785252292446602773168 0.951056516295153309137334
0.951056516295161524787716 0.587785252292468030077544 0.000000000000018615869308
-0.587785252292483906266796 -0.951056516295149978468260 -0.951056516295147313933001
-0.587785252292476800839438 0.000000000000027446943836 0.587785252292475135504901
0.951056516295146647799186 0.951056516295150644602074 0.587785252292485460579030
-0.000000000000016666338120 -0.587785252292466475765309 -0.951056516295160858653901
-0.951056516295153975271148 -0.587785252292448268107705 0.000000000000005885732404
0.587785252292457705003415 0.951056516295157527984827 0.951056516295157305940222
0.587785252292456927847297 0.000000000000004894873313 -0.587785252292495008497042
-0.951056516295154197315753 -0.951056516295142984063204 -0.587785252292465698609192
-0.000000000000015675479029 0.587785252292486237735147 0.951056516295150866646679
0.951056516295146314732278 0.587785252292474358348784 -0.000000000000030387334115
-0.587785252292477577995555 -0.951056516295165188523697 -0.951056516295149645401352
-0.587785252292483129110678 -0.000000000000037236690462 0.587785252292468807233661
0.951056516295144205308532 0.951056516295152976070426 0.587785252292491788850270
-0.000000000000008826122683 -0.587785252292414184260849 -0.951056516295158527185549
-0.951056516295173959285592 -0.587785252292454596378946 -0.000000000000058797901894
0.587785252292497339965394 0.951056516295137543970384 0.951056516295142095884785
0.587785252292509330374060 -0.000000000000044108330111 -0.587785252292442716992582
-0.951056516295169407371191 -0.951056516295162968077648 -0.587785252292472026880432
-0.000000000000023515694466 0.587785252292479909463907 0.951056516295148535178328
0.951056516295148757222933 0.587785252292526760875546 -0.000000000000022547118678
-0.587785252292425286491095 -0.951056516295162746033043 -0.951056516295169629415795
-0.587785252292443494148699 -0.000000000000045076905899 0.587785252292508442195640
0.951056516295141873840180 0.951056516295137877037291 0.587785252292498228143813
-0.000000000000057829326106 -0.587785252292453819222828 -0.951056516295173626218684
-0.951056516295158749230154 -0.587785252292460924650186 -0.000000000000009794698471
0.587785252292491011694153 0.951056516295152754025821 0.951056516295144538375439
0.587785252292515658645300 -0.000000000000036268114674 -0.587785252292436388721342
-0.951056516295166964880536 -0.951056516295165410568302 -0.587785252292432391918453
-0.000000000000031355909903 0.587785252292519544425886 0.951056516295146092687673
0.951056516295133658189798 0.587785252292487125913567 -0.000000000000071550322102
-0.587785252292464921453075 -0.951056516295160303542389 -0.951056516295154530382661
-0.587785252292449822419940 0.000000000000003926297525 0.587785252292502113924400
0.951056516295139431349526 0.951056516295157861051734 0.587785252292504556415054
0.000000000000006854308191 -0.587785252292447379929285 -0.951056516295153642204241
-0.951056516295161191720808 -0.587785252292467252921426 -0.000000000000017634913908
0.587785252292484683422913 0.951056516295150311535167 0.951056516295164522389882
0.587785252292476023683321 0.000000000000028415519624 -0.587785252292476023683321
-0.951056516295146980866093 -0.951056516295150311535167 -0.587785252292484683422913
0.000000000000017647293520 0.587785252292467252921426 0.951056516295143650197019
0.951056516295153642204241 0.587785252292493454184807 -0.000000000000006866687804
-0.587785252292458593181834 -0.951056516295157861051734 -0.951056516295156972873315
-0.587785252292456150691180 -0.000000000000003913917912 0.587785252292449822419940
0.951056516295154530382661 0.951056516295160303542389 0.587785252292464921453075
0.000000000000014694523628 -0.587785252292487125913567 -0.951056516295151199713587
-0.951056516295146092687673 -0.587785252292473581192667 -0.000000000000025475129345
0.587785252292478355151673 0.951056516295147869044513 0.951056516295149423356747
0.587785252292482351954561 -0.000000000000020587683800 -0.587785252292469695412080
-0.951056516295162079899228 -0.951056516295152754025821 -0.587785252292445048460934
0.000000000000009807078083 0.587785252292460924650186 0.951056516295158749230154
0.951056516295156084694895 0.587785252292453819222828 0.000000000000000973527633
-0.587785252292498228143813 -0.951056516295155418561080 -0.951056516295141873840180
-0.587785252292462478962420 -0.000000000000011754133349 0.587785252292489457381919
0.951056516295152087892006 0.951056516295145204509254 0.587785252292471249724315
-0.000000000000034308679795 -0.587785252292480686620024 -0.951056516295166298746722
-0.951056516295148535178328 -0.587785252292479909463907 0.000000000000023528074079
0.587785252292472026880432 0.951056516295163079099950 0.951056516295151865847401
0.587785252292442716992582 -0.000000000000012747468363 -0.587785252292509330374060
-0.951056516295159637408574 -0.951056516295137543970384 -0.587785252292451376732174
0.000000000000001966862646 0.587785252292500559612165 0.951056516295156306739500
0.951056516295158527185549 0.587785252292460147494069 0.000000000000065657161931
-0.587785252292491788850270 -0.951056516295135434546637 -0.951056516295144205308532
-0.587785252292514881489183 0.000000000000037249070074 0.587785252292437165877459
0.951056516295167297947444 0.951056516295165188523697 0.587785252292431614762336
0.000000000000030374954503 -0.587785252292520432604306 -0.951056516295146314732278
-0.951056516295150866646679 -0.587785252292486237735147 0.000000000000015687858642
0.587785252292465698609192 0.951056516295160636609296 0.951056516295171849861845
0.587785252292449045263822 0.000000000000051936165935 -0.587785252292502891080517
-0.951056516295157305940222 -0.951056516295157527984827 -0.587785252292503779258936
0.000000000000050970066070 0.587785252292494231340925 0.951056516295153975271148
0.951056516295160858653901 0.587785252292420512532090 0.000000000000073497377368
-0.587785252292485460579030 -0.951056516295150644602074 -0.951056516295164189322975
-0.587785252292521209760423 0.000000000000029408854637 0.587785252292476800839438
0.951056516295147313933001 0.951056516295167519992049 0.587785252292529869500015
-0.000000000000018628248921 -0.587785252292468030077544 -0.951056516295143983263927
-0.951056516295170850661123 -0.587785252292446602773168 0.000000000000007847643205
0.587785252292459370337951 0.951056516295140652594853 0.951056516295174181330196
0.587785252292455373535063 0.000000000000002932962512 -0.587785252292450599576057
-0.951056516295137321925779 -0.951056516295142428951692 -0.587785252292464033274655
-0.000000000000013713568228 0.587785252292441939836465 0.951056516295133991256705
0.951056516295145759620766 0.587785252292472804036549 0.000000000000024494173944
-0.587785252292433169074570 -0.951056516295165743635209 -0.951056516295149090289840
-0.587785252292481574798444 -0.000000000000035274779661 0.587785252292424509334978
0.951056516295162412966135 0.951056516295152420958914 0.587785252292490234538036
0.000000000000046055385377 -0.587785252292507665039523 -0.951056516295159082297062
-0.951056516295155751627988 -0.587785252292499005299931 0.000000000000056850846628
0.587785252292499005299931 0.951056516295155751627988 0.951056516295159082297062
0.587785252292507665039523 -0.000000000000046070240912 -0.587785252292490234538036
-0.951056516295152420958914 -0.951056516295162412966135 -0.587785252292424398312676
0.000000000000035289635196 0.587785252292481574798444 0.951056516295149090289840
0.951056516295165743635209 0.587785252292433169074570 -0.000000000000024509029479
-0.587785252292472804036549 -0.951056516295145759620766 -0.951056516295133991256705
-0.587785252292441828814162 0.000000000000013728423763 0.587785252292464144296957
0.951056516295142428951692 0.951056516295137321925779 0.587785252292450599576057
-0.000000000000002947818047 -0.587785252292455373535063 -0.951056516295174181330196
-0.951056516295140652594853 -0.587785252292459370337951 -0.000000000000007832787669
0.587785252292446602773168 0.951056516295170850661123 0.951056516295143983263927
0.587785252292468030077544 0.000000000000018613393386 -0.587785252292529869500015
-0.951056516295167519992049 -0.951056516295147313933001 -0.587785252292476800839438
-0.000000000000029393999102 0.587785252292521209760423 0.951056516295164189322975
0.951056516295150644602074 0.587785252292485460579030 -0.000000000000073512232903
-0.587785252292512438998529 -0.951056516295160858653901 -0.951056516295153975271148
-0.587785252292494231340925 0.000000000000062731627187 0.587785252292503779258936
0.951056516295157527984827 0.951056516295157305940222 0.587785252292410964614078
-0.000000000000051951021471 -0.587785252292495008497042 -0.951056516295154197315753
-0.951056516295160636609296 -0.587785252292419624353670 -0.000000000000072516421967
0.587785252292486237735147 0.951056516295150866646679 0.951056516295128773208489
0.587785252292520432604306 -0.000000000000030389810038 -0.587785252292477577995555
-0.951056516295182730047486 -0.951056516295167297947444 -0.587785252292437165877459
0.000000000000019609204322 0.587785252292468807233661 0.951056516295144205308532
0.951056516295170628616518 0.587785252292537863105792 -0.000000000000008828598605
-0.587785252292460147494069 -0.951056516295140874639458 -0.951056516295173959285592
-0.587785252292454596378946 -0.000000000000001952007111 0.587785252292451376732174
0.951056516295137543970384 0.951056516295177289954665 0.587785252292463256118538
0.000000000000012732612827 -0.587785252292442716992582 -0.951056516295134213301310
-0.951056516295145426553859 -0.587785252292472026880432 -0.000000000000023513218544
0.587785252292433946230688 0.951056516295130882632236 0.951056516295148757222933
0.587785252292480686620024 0.000000000000034293824260 -0.587785252292425286491095
-0.951056516295162746033043 -0.951056516295152087892006 -0.587785252292489457381919
-0.000000000000045074429976 0.587785252292508442195640 0.951056516295159415363969
0.951056516295155418561080 0.587785252292498228143813 0.000000000000055855035693
-0.587785252292499782456048 -0.951056516295156084694895 -0.951056516295158749230154
-0.587785252292506887883405 0.000000000000047051196313 0.587785252292491011694153
0.951056516295152754025821 0.951056516295162079899228 0.587785252292515658645300
-0.000000000000036270590596 -0.587785252292482351954561 -0.951056516295149423356747
-0.951056516295165410568302 -0.587785252292432391918453 0.000000000000025489984880
0.587785252292473581192667 0.951056516295146092687673 0.951056516295168741237376
0.587785252292441051658045 -0.000000000000014709379164 -0.587785252292464921453075
-0.951056516295142762018600 -0.951056516295136988858872 -0.587785252292449822419940
0.000000000000003928773447 0.500000000000000000000000 0.154508497187473725631435
-0.404508497187473670120283 -0.404508497187473614609132 0.154508497187473614609132
0.500000000000000000000000 0.154508497187473420320103 -0.404508497187473614609132
-0.404508497187473836653737 0.154508497187474336254098 0.500000000000000000000000
0.154508497187473975431615 -0.404508497187474058698342 -0.404508497187472837453015
0.154508497187473392564527 0.500000000000000000000000 0.154508497187474086453918
-0.404508497187474502787552 -0.404508497187472948475317 0.154508497187473281542225
0.500000000000000000000000 0.154508497187472504386108 -0.404508497187473392564527
-0.404508497187474058698342 0.154508497187474835854459 0.500000000000000000000000
0.154508497187470950073873 -0.404508497187473337053376 -0.404508497187474114209493
0.154508497187473031742044 0.500000000000000000000000 0.154508497187474447276401
-0.404508497187473281542225 -0.404508497187472115808049 0.154508497187476306899967
0.500000000000000000000000 0.154508497187471172118478 -0.404508497187473170519922
-0.404508497187474280742947 0.154508497187472809697439 0.500000000000000000000000
0.154508497187471283140781 -0.404508497187475224432518 -0.404508497187472226830351
0.154508497187472698675137 0.500000000000000000000000 0.154508497187474780343308
-0.404508497187473059497620 -0.404508497187472337852654 0.154508497187475946077484
0.500000000000000000000000 0.154508497187471532940961 -0.404508497187477167322811
-0.404508497187472393363805 0.154508497187472448874956 0.500000000000000000000000
0.154508497187475002387913 -0.404508497187475002387913 -0.404508497187474558298703
0.154508497187475724032879 0.500000000000000000000000 0.154508497187471754985566
-0.404508497187472837453015 -0.404508497187472504386108 0.154508497187472226830351
0.500000000000000000000000 0.154508497187468479827643 -0.404508497187474835854459
-0.404508497187470505984663 0.154508497187475474232699 0.500000000000000000000000
0.154508497187471977030171 -0.404508497187476834255904 -0.404508497187476834255904
0.154508497187471977030171 0.500000000000000000000000 0.154508497187475474232699
-0.404508497187474669321006 -0.404508497187474835854459 0.154508497187475252188094
0.500000000000000000000000 0.154508497187472226830351 -0.404508497187476723233601
-0.404508497187472837453015 0.154508497187478499590441 0.500000000000000000000000
0.154508497187468951672429 -0.404508497187478721635046 -0.404508497187475002387913
0.154508497187468257783038 0.500000000000000000000000 0.154508497187472448874956
-0.404508497187472393363805 -0.404508497187472948475317 0.154508497187471532940961
0.500000000000000000000000 0.154508497187469201472609 -0.404508497187474391765249
-0.404508497187470950073873 0.154508497187474780343308 0.500000000000000000000000
0.154508497187472698675137 -0.404508497187476390166694 -0.404508497187468951672429
0.154508497187484800106105 0.500000000000000000000000 0.154508497187469423517214
-0.404508497187470061895453 -0.404508497187475279943669 0.154508497187474558298703
0.500000000000000000000000 0.154508497187466148359292 -0.404508497187472115808049
-0.404508497187473281542225 0.154508497187477805701050 0.500000000000000000000000
0.154508497187476417922269 -0.404508497187474114209493 -0.404508497187471227629629
0.154508497187481080858973 0.500000000000000000000000 0.154508497187473142764347
-0.404508497187476112610938 -0.404508497187477555900870 0.154508497187470811295995
0.500000000000000000000000 0.154508497187469895362000 -0.404508497187478166523533
-0.404508497187475557499425 0.154508497187474086453918 0.500000000000000000000000
0.154508497187466620204077 -0.404508497187480164924978 -0.404508497187473559097981
0.154508497187477361611840 0.500000000000000000000000 0.154508497187463372801730
-0.404508497187473836653737 -0.404508497187471505185385 0.154508497187480609014187
0.500000000000000000000000 0.154508497187460097643807 -0.404508497187475835055182
-0.404508497187469506783941 0.154508497187483884172110 0.500000000000000000000000
0.154508497187483884172110 -0.404508497187469506783941 -0.404508497187475835055182
0.154508497187473614609132 0.500000000000000000000000 0.154508497187480609014187
-0.404508497187471505185385 -0.404508497187473836653737 0.154508497187476889767055
0.500000000000000000000000 0.154508497187477333856265 -0.404508497187473559097981
-0.404508497187471782741142 0.154508497187480137169402 0.500000000000000000000000
0.154508497187474086453918 -0.404508497187475557499425 -0.404508497187469784339697
0.154508497187483412327325 0.500000000000000000000000 0.154508497187470811295995
-0.404508497187477555900870 -0.404508497187467785938253 0.154508497187486659729672
0.500000000000000000000000 0.154508497187467563893648 -0.404508497187479609813465
-0.404508497187465732025657 0.154508497187489934887594 0.500000000000000000000000
0.154508497187477805701050 -0.404508497187473281542225 -0.404508497187480442480734
0.154508497187466176114867 0.500000000000000000000000 0.154508497187474558298703
-0.404508497187475279943669 -0.404508497187478444079289 0.154508497187469423517214
0.500000000000000000000000 0.154508497187471283140781 -0.404508497187477278345114
-0.404508497187476390166694 0.154508497187472698675137 0.500000000000000000000000
0.154508497187468035738434 -0.404508497187479276746558 -0.404508497187474391765249
0.154508497187475946077484 0.500000000000000000000000 0.154508497187464760580511
-0.404508497187481330659153 -0.404508497187472393363805 0.154508497187479221235407
0.500000000000000000000000 0.154508497187461513178164 -0.404508497187475002387913
-0.404508497187470394962361 0.154508497187482468637754 0.500000000000000000000000
0.154508497187458238020241 -0.404508497187485327462042 -0.404508497187460014377081
0.154508497187472226830351 0.500000000000000000000000 0.154508497187468479827643
-0.404508497187478999190802 -0.404508497187483051504842 0.154508497187461957267374
0.500000000000000000000000 0.154508497187478749390621 -0.404508497187472670919561
-0.404508497187472670919561 0.154508497187478749390621 0.500000000000000000000000
0.154508497187461957267374 -0.404508497187483051504842 -0.404508497187478999190802
0.154508497187468507583219 0.500000000000000000000000 0.154508497187472226830351
-0.404508497187476723233601 -0.404508497187468618605521 0.154508497187485271950891
0.500000000000000000000000 0.154508497187455434707104 -0.404508497187470394962361
-0.404508497187475002387913 0.154508497187475030143489 0.500000000000000000000000
0.154508497187465704270082 -0.404508497187480720036490 -0.404508497187464621802633
0.154508497187491794511160 0.500000000000000000000000 0.154508497187475946077484
-0.404508497187474391765249 -0.404508497187470950073873 0.154508497187481552703758
0.500000000000000000000000 0.154508497187486187884886 -0.404508497187468063494009
-0.404508497187477278345114 0.154508497187471283140781 0.500000000000000000000000
0.154508497187469423517214 -0.404508497187478444079289 -0.404508497187466897759833
0.154508497187488075264028 0.500000000000000000000000 0.154508497187479665324616
-0.404508497187472115808049 -0.404508497187473281542225 0.154508497187477805701050
0.500000000000000000000000 0.154508497187462900956945 -0.404508497187482440882178
-0.404508497187462900956945 0.154508497187494597824298 0.500000000000000000000000
0.154508497187473142764347 -0.404508497187476112610938 -0.404508497187469229228185
0.154508497187484328261320 0.500000000000000000000000 0.154508497187456378396675
-0.404508497187486493196218 -0.404508497187458848642905 0.154508497187474086453918
0.500000000000000000000000 0.154508497187466620204077 -0.404508497187480164924978
-0.404508497187465176914145 0.154508497187490850821590 0.500000000000000000000000
0.154508497187449855836405 -0.404508497187490545510258 -0.404508497187454796328865
0.154508497187480609014187 0.500000000000000000000000 0.154508497187460097643807
-0.404508497187484217239017 -0.404508497187461180111256 0.154508497187470367206785
0.500000000000000000000000 0.154508497187497373381859 -0.404508497187461180111256
-0.404508497187484161727866 0.154508497187460097643807 0.500000000000000000000000
0.154508497187480609014187 -0.404508497187471505185385 -0.404508497187473836653737
0.154508497187476889767055 0.500000000000000000000000 0.154508497187490850821590
-0.404508497187465176914145 -0.404508497187480164924978 0.154508497187466620204077
0.500000000000000000000000 0.154508497187474086453918 -0.404508497187475557499425
-0.404508497187469784339697 0.154508497187483412327325 0.500000000000000000000000
0.154508497187484328261320 -0.404508497187469229228185 -0.404508497187476112610938
0.154508497187473142764347 0.500000000000000000000000 0.154508497187467563893648
-0.404508497187479609813465 -0.404508497187465732025657 0.154508497187489934887594
0.500000000000000000000000 0.154508497187477805701050 -0.404508497187473281542225
-0.404508497187472115808049 0.154508497187479693080192 0.500000000000000000000000
0.154508497187461041333378 -0.404508497187483606616354 -0.404508497187461735222769
0.154508497187496457447864 0.500000000000000000000000 0.154508497187471283140781
-0.404508497187477278345114 -0.404508497187468063494009 0.154508497187486215640462
0.500000000000000000000000 0.154508497187454518773109 -0.404508497187487658930394
-0.404508497187457682908729 0.154508497187475946077484 0.500000000000000000000000
0.154508497187464760580511 -0.404508497187481330659153 -0.404508497187464011179969
0.154508497187492738200731 0.500000000000000000000000 0.154508497187447996212839
-0.404508497187491711244434 -0.404508497187453686105840 0.154508497187482468637754
0.500000000000000000000000 0.154508497187458238020241 -0.404508497187468674116673
-0.404508497187476723233601 0.154508497187472226830351 0.500000000000000000000000
0.154508497187495513758293 -0.404508497187462290334281 -0.404508497187483051504842
0.154508497187461957267374 0.500000000000000000000000 0.154508497187478749390621
-0.404508497187472670919561 -0.404508497187472670919561 0.154508497187478749390621
0.500000000000000000000000 0.154508497187488991198023 -0.404508497187466342648321
-0.404508497187478999190802 0.154508497187468507583219 0.500000000000000000000000
0.154508497187472226830351 -0.404508497187476723233601 -0.404508497187468618605521
0.154508497187485271950891 0.500000000000000000000000 0.154508497187482468637754
-0.404508497187470394962361 -0.404508497187475002387913 0.154508497187475030143489
0.500000000000000000000000 0.154508497187465704270082 -0.404508497187480720036490
-0.404508497187464621802633 0.154508497187491794511160 0.500000000000000000000000
0.154508497187475946077484 -0.404508497187474391765249 -0.404508497187470950073873
0.154508497187481552703758 0.500000000000000000000000 0.154508497187459181709812
-0.404508497187484772350530 -0.404508497187460569488593 0.154508497187498317071430
0.500000000000000000000000 0.154508497187469423517214 -0.404508497187478444079289
-0.404508497187466897759833 0.154508497187488075264028 0.500000000000000000000000
0.154508497187452631393967 -0.404508497187488824664570 -0.404508497187456517174553
0.154508497187477805701050 0.500000000000000000000000 0.154508497187462900956945
-0.404508497187482496393329 -0.404508497187462900956945 0.154508497187467563893648
0.500000000000000000000000 0.154508497187473142764347 -0.404508497187492821467458
-0.404508497187469229228185 0.154508497187511362191970 0.500000000000000000000000
0.154508497187429344466025 -0.404508497187453075483177 -0.404508497187475557499425
0.154508497187447052523268 0.500000000000000000000000 0.154508497187493654134727
-0.404508497187480164924978 -0.404508497187481885770666 0.154508497187490878577165
0.500000000000000000000000 0.154508497187503895942129 -0.404508497187473836653737
-0.404508497187488214041906 0.154508497187480609014187 0.500000000000000000000000
0.154508497187460097643807 -0.404508497187467508382497 -0.404508497187461124600105
0.154508497187470367206785 0.500000000000000000000000 0.154508497187470339451210
-0.404508497187461180111256 -0.404508497187467508382497 0.154508497187460097643807
0.500000000000000000000000 0.154508497187480609014187 -0.404508497187488214041906
-0.404508497187473836653737 0.154508497187503923697705 0.500000000000000000000000
0.154508497187490850821590 -0.404508497187481885770666 -0.404508497187480164924978
0.154508497187493654134727 0.500000000000000000000000 0.154508497187447052523268
-0.404508497187475557499425 -0.404508497187453075483177 0.154508497187483412327325
0.500000000000000000000000 0.154508497187457294330670 -0.404508497187469229228185
-0.404508497187459403754417 0.154508497187473142764347 0.500000000000000000000000
0.154508497187467563893648 -0.404508497187496318669986 -0.404508497187465732025657
0.154508497187462900956945 0.500000000000000000000000 0.154508497187477805701050
-0.404508497187489934887594 -0.404508497187472115808049 0.154508497187506699255266
0.500000000000000000000000 0.154508497187434007402729 -0.404508497187483606616354
-0.404508497187445026366248 0.154508497187496457447864 0.500000000000000000000000
0.154508497187444249210131 -0.404508497187477278345114 -0.404508497187451354637489
0.154508497187486215640462 0.500000000000000000000000 0.154508497187508558878832
-0.404508497187470950073873 -0.404508497187491100621770 0.154508497187475946077484
0.500000000000000000000000 0.154508497187464760580511 -0.404508497187464621802633
-0.404508497187464011179969 0.154508497187465704270082 0.500000000000000000000000
0.154508497187475002387913 -0.404508497187458293531392 -0.404508497187470394962361
0.154508497187455434707104 0.500000000000000000000000 0.154508497187485271950891
-0.404508497187485327462042 -0.404508497187476723233601 0.154508497187499260761001
0.500000000000000000000000 0.154508497187495513758293 -0.404508497187478999190802
-0.404508497187483051504842 0.154508497187488991198023 0.500000000000000000000000
0.154508497187451715459972 -0.404508497187472670919561 -0.404508497187455962063041
0.154508497187478749390621 0.500000000000000000000000 0.154508497187461957267374
-0.404508497187466342648321 -0.404508497187462290334281 0.154508497187468507583219
0.500000000000000000000000 0.154508497187472226830351 -0.404508497187493432090122
-0.404508497187468618605521 0.154508497187512305881540 0.500000000000000000000000
0.154508497187536536499053 -0.404508497187487103818881 -0.404508497187508364589803
0.154508497187502064074138 0.500000000000000000000000 0.154508497187438670339432
-0.404508497187447302323449 -0.404508497187447912946112 0.154508497187437726649861
0.500000000000000000000000 0.154508497187502980008134 -0.404508497187474391765249
-0.404508497187487658930394 0.154508497187481552703758 0.500000000000000000000000
0.154508497187459153954237 -0.404508497187434645780968 -0.404508497187460569488593
0.154508497187417243035057 0.500000000000000000000000 0.154508497187523491378514
-0.404508497187495152935810 -0.404508497187500315472874 0.154508497187515109194678
0.500000000000000000000000 0.154508497187425597463317 -0.404508497187455406951528
-0.404508497187473281542225 0.154508497187450799525976 0.500000000000000000000000
0.154508497187489934887594 -0.404508497187482496393329 -0.404508497187479609813465
0.154508497187494597824298 0.500000000000000000000000 0.154508497187446108833697
-0.404508497187442750409048 -0.404508497187452520371664 0.154508497187430288155596
0.500000000000000000000000 0.154508497187510418502399 -0.404508497187503202052739
-0.404508497187492266355946 0.154508497187528154315217 0.500000000000000000000000
0.154508497187412552342778 -0.404508497187463456068457 -0.404508497187465176914145
0.154508497187463844646516 0.500000000000000000000000 0.154508497187476889767055
-0.404508497187490545510258 -0.404508497187504922898427 0.154508497187507642944837
0.500000000000000000000000 0.154508497187433063713158 -0.404508497187450799525976
-0.404508497187444415743585 0.154508497187443333276136 0.500000000000000000000000
0.154508497187497373381859 -0.404508497187511251169667 -0.404508497187484161727866
0.154508497187433063713158 0.500000000000000000000000 0.154508497187507642944837
-0.404508497187471505185385 -0.404508497187490545510258 0.154508497187476889767055
0.500000000000000000000000 0.154508497187463816890940 -0.404508497187465176914145
-0.404508497187496873781498 0.154508497187466620204077 0.500000000000000000000000
0.154508497187474086453918 -0.404508497187458848642905 -0.404508497187469784339697
0.154508497187456378396675 0.500000000000000000000000 0.154508497187484328261320
-0.404508497187452520371664 -0.404508497187476112610938 0.154508497187446136589273
0.500000000000000000000000 0.154508497187494597824298 -0.404508497187479609813465
-0.404508497187482440882178 0.154508497187489934887594 0.500000000000000000000000
0.154508497187504839631700 -0.404508497187473281542225 -0.404508497187488824664570
0.154508497187479693080192 0.500000000000000000000000 0.154508497187461041333378
-0.404508497187466897759833 -0.404508497187461735222769 0.154508497187469423517214
0.500000000000000000000000 0.154508497187471283140781 -0.404508497187460569488593
-0.404508497187468063494009 0.154508497187459181709812 0.500000000000000000000000
0.154508497187481524948183 -0.404508497187487658930394 -0.404508497187474391765249
0.154508497187502980008134 0.500000000000000000000000 0.154508497187491794511160
-0.404508497187481330659153 -0.404508497187480720036490 0.154508497187492738200731
0.500000000000000000000000 0.154508497187447968457263 -0.404508497187475002387913
-0.404508497187453686105840 0.154508497187482468637754 0.500000000000000000000000
0.154508497187458238020241 -0.404508497187468618605521 -0.404508497187460014377081
0.154508497187472226830351 0.500000000000000000000000 0.154508497187468479827643
-0.404508497187495708047322 -0.404508497187466342648321 0.154508497187461985022949
0.500000000000000000000000 0.154508497187478749390621 -0.404508497187455962063041
-0.404508497187472670919561 0.154508497187451715459972 0.500000000000000000000000
0.154508497187543059059323 -0.404508497187483051504842 -0.404508497187512416903843
0.154508497187495541513869 0.500000000000000000000000 0.154508497187445192899702
-0.404508497187443305520560 -0.404508497187451965260152 0.154508497187431204089592
0.500000000000000000000000 0.154508497187509502568403 -0.404508497187503757164251
-0.404508497187491711244434 0.154508497187475030143489 0.500000000000000000000000
0.154508497187465676514506 -0.404508497187464011179969 -0.404508497187464621802633
0.154508497187410720474787 0.500000000000000000000000 0.154508497187530013938783
-0.404508497187491100621770 -0.404508497187504367786914 0.154508497187508586634408
0.500000000000000000000000 0.154508497187432147779163 -0.404508497187451354637489
-0.404508497187443860632072 0.154508497187444249210131 0.500000000000000000000000
0.154508497187496457447864 -0.404508497187511861792331 -0.404508497187483606616354
0.154508497187488075264028 0.500000000000000000000000 0.154508497187452631393967
-0.404508497187472115808049 -0.404508497187456517174553 0.154508497187423765595327
0.500000000000000000000000 0.154508497187516968818244 -0.404508497187499149738699
-0.404508497187496263158835 0.154508497187521631754947 0.500000000000000000000000
0.154508497187419074903048 -0.404508497187459403754417 -0.404508497187435811515144
0.154508497187457322086246 0.500000000000000000000000 0.154508497187483412327325
-0.404508497187486493196218 -0.404508497187475557499425 0.154508497187501120384567
0.500000000000000000000000 0.154508497187439586273427 -0.404508497187446747211936
-0.404508497187481885770666 0.154508497187436810715866 0.500000000000000000000000
0.154508497187503895942129 -0.404508497187473836653737 -0.404508497187488214041906
0.154508497187480609014187 0.500000000000000000000000 0.154508497187460097643807
-0.404508497187467508382497 -0.404508497187494542313146 0.154508497187470367206785
0.500000000000000000000000 0.154508497187470339451210 -0.404508497187461180111256
-0.404508497187467508382497 0.154508497187460097643807 0.500000000000000000000000
0.154508497187480609014187 -0.404508497187454851840016 -0.404508497187473836653737
0.154508497187449855836405 0.500000000000000000000000 0.154508497187490850821590
-0.404508497187481885770666 -0.404508497187480164924978 0.154508497187493654134727
0.500000000000000000000000 0.154508497187501120384567 -0.404508497187475557499425
-0.404508497187486493196218 0.154508497187483412327325 0.500000000000000000000000
0.154508497187457294330670 -0.404508497187469229228185 -0.404508497187459403754417
0.154508497187473170519922 0.500000000000000000000000 0.154508497187467563893648
-0.404508497187462900956945 -0.404508497187465732025657 0.154508497187462900956945
0.500000000000000000000000 0.154508497187477805701050 -0.404508497187489934887594
-0.404508497187472115808049 0.154508497187506727010842 0.500000000000000000000000
0.154508497187488047508452 -0.404508497187483606616354 -0.404508497187478444079289
0.154508497187496457447864 0.500000000000000000000000 0.154508497187444249210131
-0.404508497187477278345114 -0.404508497187451354637489 0.154508497187486215640462
0.500000000000000000000000 0.154508497187454491017533 -0.404508497187470950073873
-0.404508497187457682908729 0.154508497187475946077484 0.500000000000000000000000
0.154508497187464760580511 -0.404508497187498039515674 -0.404508497187464011179969
0.154508497187465704270082 0.500000000000000000000000 0.154508497187475002387913
-0.404508497187491711244434 -0.404508497187470394962361 0.154508497187509502568403
0.500000000000000000000000 0.154508497187431204089592 -0.404508497187485327462042
-0.404508497187443305520560 0.154508497187499260761001 0.500000000000000000000000
0.154508497187441445896994 -0.404508497187478999190802 -0.404508497187483051504842
0.154508497187488991198023 0.500000000000000000000000 0.154508497187451715459972
-0.404508497187439253206520 -0.404508497187455962063041 0.154508497187424681529322
0.500000000000000000000000 0.154508497187516025128673 -0.404508497187499760361362
-0.404508497187495708047322 0.154508497187522547688943 0.500000000000000000000000
0.154508497187418158969052 -0.404508497187460014377081 -0.404508497187468618605521
0.154508497187458238020241 0.500000000000000000000000 0.154508497187482468637754
-0.404508497187487048307730 -0.404508497187508364589803 0.154508497187502064074138
0.500000000000000000000000 0.154508497187438670339432 -0.404508497187480720036490
-0.404508497187481330659153 0.154508497187437726649861 0.500000000000000000000000
0.154508497187448912146834 -0.404508497187474391765249 -0.404508497187487658930394
0.154508497187535620565058 0.500000000000000000000000 0.154508497187459153954237
-0.404508497187468063494009 -0.404508497187493987201634 0.154508497187417243035057
0.500000000000000000000000 0.154508497187469423517214 -0.404508497187461735222769
-0.404508497187500315472874 0.154508497187406973472079 0.500000000000000000000000
0.154508497187479665324616 -0.404508497187455406951528 -0.404508497187506643744115
0.154508497187504839631700 0.500000000000000000000000 0.154508497187489934887594
-0.404508497187449078680288 -0.404508497187513027526506 0.154508497187494597824298
0.500000000000000000000000 0.154508497187500176694996 -0.404508497187442750409048
-0.404508497187452520371664 0.154508497187484356016896 0.500000000000000000000000
0.154508497187510418502399 -0.404508497187436422137807 -0.404508497187458848642905
0.154508497187474086453918 0.500000000000000000000000 0.154508497187520688065376
-0.404508497187496873781498 -0.404508497187465176914145 0.154508497187463844646516
0.500000000000000000000000 0.154508497187530929872779 -0.404508497187490545510258
-0.404508497187471505185385 0.154508497187453575083538 0.500000000000000000000000
0.154508497187433063713158 -0.404508497187484217239017 -0.404508497187477833456626
0.154508497187443333276136 0.500000000000000000000000 0.154508497187443305520560
-0.404508497187477888967777 -0.404508497187484161727866 0.154508497187433091468733
0.500000000000000000000000 0.154508497187453575083538 -0.404508497187471505185385
-0.404508497187490545510258 0.154508497187530957628354 0.500000000000000000000000
0.154508497187463816890940 -0.404508497187465176914145 -0.404508497187496873781498
0.154508497187520688065376 0.500000000000000000000000 0.154508497187474086453918
-0.404508497187458848642905 -0.404508497187436366626656 0.154508497187510446257974
0.500000000000000000000000 0.154508497187484328261320 -0.404508497187452520371664
-0.404508497187442694897896 0.154508497187500176694996 0.500000000000000000000000
0.154508497187494570068722 -0.404508497187513027526506 -0.404508497187449078680288
0.154508497187489934887594 0.500000000000000000000000 0.154508497187504839631700
-0.404508497187506643744115 -0.404508497187455406951528 0.154508497187479693080192
0.500000000000000000000000 0.154508497187406973472079 -0.404508497187500315472874
-0.404508497187461735222769 0.154508497187469423517214 0.500000000000000000000000
0.154508497187417215279481 -0.404508497187493987201634 -0.404508497187468063494009
0.154508497187459181709812 0.500000000000000000000000 0.154508497187427484842459
-0.404508497187487658930394 -0.404508497187474391765249 0.154508497187448912146834
0.500000000000000000000000 0.154508497187437726649861 -0.404508497187481330659153
-0.404508497187480720036490 0.154508497187546806062031 0.500000000000000000000000
0.154508497187447968457263 -0.404508497187475002387913 -0.404508497187487048307730
0.154508497187536536499053 0.500000000000000000000000 0.154508497187458238020241
-0.404508497187468618605521 -0.404508497187426596664039 0.154508497187418158969052
0.500000000000000000000000 0.154508497187468479827643 -0.404508497187529125760364
-0.404508497187499760361362 0.154508497187516025128673 0.500000000000000000000000
0.154508497187478749390621 -0.404508497187455962063041 -0.404508497187506088632603
0.154508497187397647598672 0.500000000000000000000000 0.154508497187488991198023
-0.404508497187449633791800 -0.404508497187512416903843 0.154508497187495541513869
0.500000000000000000000000 0.154508497187499233005425 -0.404508497187443305520560
-0.404508497187518745175083 0.154508497187485271950891 0.500000000000000000000000
0.154508497187509502568403 -0.404508497187436977249320 -0.404508497187458293531392
0.154508497187475030143489 0.500000000000000000000000 0.154508497187519744375805
-0.404508497187430648978079 -0.404508497187464621802633 0.154508497187464760580511
0.500000000000000000000000 0.154508497187530013938783 -0.404508497187491100621770
-0.404508497187470950073873 0.154508497187454518773109 0.500000000000000000000000
0.154508497187432120023587 -0.404508497187484772350530 -0.404508497187477278345114
0.154508497187444276965707 0.500000000000000000000000 0.154508497187442389586565
-0.404508497187478444079289 -0.404508497187483606616354 0.154508497187434007402729
0.500000000000000000000000 0.154508497187452631393967 -0.404508497187472115808049
-0.404508497187489934887594 0.154508497187423765595327 0.500000000000000000000000
0.154508497187462900956945 -0.404508497187465787536809 -0.404508497187496263158835
0.154508497187521631754947 0.500000000000000000000000 0.154508497187473142764347
-0.404508497187459403754417 -0.404508497187502591430075 0.154508497187511362191970
0.500000000000000000000000 0.154508497187483384571749 -0.404508497187453075483177
-0.404508497187442139786384 0.154508497187501120384567 0.500000000000000000000000
